66 72 6f 6d 20 5f 5f 66  75 74 75 72 65 5f 5f 20
69 6d 70 6f 72 74 20 61  6e 6e 6f 74 61 74 69 6f
6e 73 0a 0a 69 6d 70 6f  72 74 20 69 6d 70 6f 72
74 6c 69 62 2e 75 74 69  6c 0a 66 72 6f 6d 20 70
61 74 68 6c 69 62 20 69  6d 70 6f 72 74 20 50 61
74 68 0a 0a 0a 52 4f 4f  54 20 3d 20 50 61 74 68
28 5f 5f 66 69 6c 65 5f  5f 29 2e 72 65 73 6f 6c
76 65 28 29 2e 70 61 72  65 6e 74 73 5b 31 5d 0a
0a 0a 64 65 66 20 5f 6d  6f 64 75 6c 65 28 29 3a
0a 20 20 20 20 70 61 74  68 20 3d 20 52 4f 4f 54
20 2f 20 22 73 63 72 69  70 74 73 22 20 2f 20 22
35 31 5f 6d 61 6b 65 5f  70 32 32 5f 67 72 6f 75
6e 64 61 62 6c 65 5f 6d  61 73 6b 2e 70 79 22 0a
20 20 20 20 73 70 65 63  20 3d 20 69 6d 70 6f 72
74 6c 69 62 2e 75 74 69  6c 2e 73 70 65 63 5f 66
72 6f 6d 5f 66 69 6c 65  5f 6c 6f 63 61 74 69 6f
6e 28 22 70 32 32 5f 67  72 6f 75 6e 64 61 62 6c
65 5f 6d 61 73 6b 22 2c  20 70 61 74 68 29 0a 20
20 20 20 6d 6f 64 75 6c  65 20 3d 20 69 6d 70 6f
72 74 6c 69 62 2e 75 74  69 6c 2e 6d 6f 64 75 6c
65 5f 66 72 6f 6d 5f 73  70 65 63 28 73 70 65 63
29 0a 20 20 20 20 61 73  73 65 72 74 20 73 70 65
63 2e 6c 6f 61 64 65 72  20 69 73 20 6e 6f 74 20
4e 6f 6e 65 0a 20 20 20  20 73 70 65 63 2e 6c 6f
61 64 65 72 2e 65 78 65  63 5f 6d 6f 64 75 6c 65
28 6d 6f 64 75 6c 65 29  0a 20 20 20 20 72 65 74
75 72 6e 20 6d 6f 64 75  6c 65 0a 0a 0a 64 65 66
20 74 65 73 74 5f 66 72  6f 7a 65 6e 5f 73 74 61
67 65 5f 62 5f 73 68 6f  72 74 6c 69 73 74 5f 79
69 65 6c 64 73 5f 31 35  5f 67 72 6f 75 6e 64 61
62 6c 65 5f 69 64 73 28  29 3a 0a 20 20 20 20 6d
6f 64 75 6c 65 20 3d 20  5f 6d 6f 64 75 6c 65 28
29 0a 20 20 20 20 6d 61  73 6b 20 3d 20 6d 6f 64
75 6c 65 2e 62 75 69 6c  64 5f 67 72 6f 75 6e 64
61 62 6c 65 5f 6d 61 73  6b 28 0a 20 20 20 20 20
20 20 20 52 4f 4f 54 20  2f 20 22 61 72 74 69 66
61 63 74 73 22 20 2f 20  22 70 32 32 5f 74 61 72
67 65 74 73 22 20 2f 20  22 70 32 32 62 5f 73 68
6f 72 74 6c 69 73 74 5f  61 75 64 69 74 2e 6a 73
6f 6e 22 2c 0a 20 20 20  20 20 20 20 20 52 4f 4f
54 20 2f 20 22 61 72 74  69 66 61 63 74 73 22 20
2f 20 22 70 32 32 5f 74  61 72 67 65 74 73 22 20
2f 20 22 70 32 32 62 5f  72 65 6a 65 63 74 65 64
5f 6e 6f 6e 5f 79 65 61  72 2e 6a 73 6f 6e 22 2c
0a 20 20 20 20 20 20 20  20 52 4f 4f 54 20 2f 20
22 61 72 74 69 66 61 63  74 73 22 20 2f 20 22 72
65 74 72 69 65 76 61 6c  2e 6a 73 6f 6e 6c 22 2c
0a 20 20 20 20 29 0a 20  20 20 20 61 73 73 65 72
74 20 6d 61 73 6b 5b 22  63 6f 75 6e 74 22 5d 20
3d 3d 20 31 35 0a 20 20  20 20 61 73 73 65 72 74
20 38 35 35 20 69 6e 20  6d 61 73 6b 5b 22 69 64
73 22 5d 0a 20 20 20 20  61 73 73 65 72 74 20 6d
61 73 6b 5b 22 65 78 63  6c 75 64 65 64 22 5d 5b
22 63 6f 75 6e 74 22 5d  20 3d 3d 20 34 30 0a 20
20 20 20 61 73 73 65 72  74 20 73 65 74 28 6d 61
73 6b 5b 22 69 64 73 22  5d 29 2e 69 73 64 69 73
6a 6f 69 6e 74 28 6d 61  73 6b 5b 22 65 78 63 6c
75 64 65 64 22 5d 5b 22  69 64 73 22 5d 29 0a 0a
0a 64 65 66 20 74 65 73  74 5f 67 72 6f 75 6e 64
61 62 6c 65 5f 6d 61 73  6b 5f 70 6f 6c 69 63 79
5f 69 73 5f 6c 61 62 65  6c 5f 66 72 65 65 28 29
3a 0a 20 20 20 20 73 6f  75 72 63 65 20 3d 20 28
52 4f 4f 54 20 2f 20 22  73 63 72 69 70 74 73 22
20 2f 20 22 35 31 5f 6d  61 6b 65 5f 70 32 32 5f
67 72 6f 75 6e 64 61 62  6c 65 5f 6d 61 73 6b 2e
70 79 22 29 2e 72 65 61  64 5f 74 65 78 74 28 0a
20 20 20 20 20 20 20 20  65 6e 63 6f 64 69 6e 67
3d 22 75 74 66 2d 38 22  2c 0a 20 20 20 20 29 2e
6c 6f 77 65 72 28 29 0a  20 20 20 20 61 73 73 65
72 74 20 22 70 32 34 5f  6c 6f 63 6b 65 64 22 20
6e 6f 74 20 69 6e 20 73  6f 75 72 63 65 0a 20 20
20 20 61 73 73 65 72 74  20 22 67 6f 6c 64 22 20
6e 6f 74 20 69 6e 20 73  6f 75 72 63 65 0a
